     adjust.jpg       crop.jpg      crop_.jpg     filter.jpg      noise.jpg     resize.jpg      sharp.jpg
              1       0.315347            0.5              1              1              1              1
              1       0.298439       0.614724              1              1              1              1
              1       0.315347       0.532293              1              1              1              1
       0.734835       0.224395       0.462355           0.75       0.646447       0.734835       0.706849
              1        0.27651       0.532293              1              1              1              1
              1       0.234534       0.706849              1              1              1              1
              1       0.304029       0.646447              1              1              1              1
              1       0.271131       0.720492              1              1              1              1
              1       0.255227              1              1              1              1              1
              1        0.27651              1              1              1              1              1
              1       0.315347          0.625              1              1              1              1
              1       0.255227              1              1              1              1              1
              1       0.321076       0.407073              1              1              1              1
              1       0.344494       0.604715              1              1              1              1
              1       0.271131            0.5              1              1              1              1
              1        0.28739       0.558058              1              1              1              1
              1        0.27651       0.515877              1       0.783494              1              1
              1       0.304029       0.576104              1       0.802358              1              1
       0.734835        0.28739            0.5       0.706849       0.594954       0.706849       0.734835
       0.720492       0.344494       0.484612           0.75       0.669281           0.75       0.720492
              1       0.315347       0.635566              1              1              1              1
              1       0.298439       0.614724              1              1              1              1
              1       0.292893       0.524014              1       0.720492              1              1
              1       0.255227       0.635566              1              1              1              1
              1       0.304029       0.614724              1       0.766146              1              1
              1       0.224395       0.524014              1              1              1              1
              1        0.28739       0.766146              1              1              1              1
              1       0.292893       0.462355              1              1              1              1
              1        0.28739       0.594954              1              1              1              1
              1        0.27651        0.46967              1              1              1              1
              1           0.25       0.455138              1              1              1              1
              1       0.356523       0.734835              1              1              1              1
              1       0.338562       0.646447              1              1              1              1
              1        0.28193       0.576104              1              1              1              1
              1        0.28739       0.720492              1              1              1              1
              1        0.28739       0.614724              1              1              1              1
              1       0.332683            0.5              1              1              1              1
              1       0.292893       0.448015              1              1              1              1
              1       0.332683       0.407073              1              1              1              1
              1       0.298439       0.362623              1              1              1              1
              1       0.326854       0.576104              1              1              1              1
              1           0.25       0.549306              1              1              1              1
              1       0.381282       0.413698              1              1              1              1
              1           0.25        0.46967              1              1              1              1
              1       0.326854       0.549306              1              1              1              1
              1       0.332683       0.462355              1              1              1              1
              1       0.315347       0.515877              1              1              1              1
              1       0.304029       0.532293              1              1              1              1
              1       0.321076       0.484612              1              1              1              1
              1        0.27651       0.515877              1              1              1              1
              1       0.332683       0.614724              1              1              1              1
       0.734835        0.28739       0.440983              1       0.706849       0.734835              1
              1       0.321076       0.455138              1              1              1              1
              1       0.265791       0.614724              1              1              1              1
              1       0.381282       0.604715              1              1              1              1
              1       0.321076       0.604715              1              1              1              1
              1        0.27651       0.515877              1              1              1              1
              1       0.321076       0.734835              1              1              1              1
              1       0.332683       0.594954              1              1              1              1
       0.734835       0.255227       0.585422       0.734835       0.734835       0.734835       0.681311
              1       0.344494       0.540721              1              1              1              1
