            sim           psnr
              1        42.5461
              1        41.6351
              1        45.3066
       0.734835         43.984
              1        44.0591
              1        40.2469
              1         42.753
              1        40.7279
              1        40.8906
              1        39.2651
              1        40.9111
              1        40.2641
              1        43.2841
              1        42.1778
              1         43.376
              1        41.9649
              1        43.8923
              1        43.5156
       0.734835        44.8382
           0.75        43.6905
              1        44.9776
              1        44.5746
              1        48.7164
              1         47.932
              1        47.9065
              1        45.2526
              1        43.6523
              1        43.6937
              1        44.0969
              1        44.4107
              1        46.2075
              1        46.9241
              1        46.5786
              1        45.6193
              1        44.2041
              1        45.1113
              1        45.1472
              1         44.785
              1        47.9824
              1        47.8714
              1        47.8752
              1        47.7855
              1          47.65
              1         44.391
              1        44.2879
              1        42.2588
              1          42.15
              1        42.2352
              1        45.4755
              1        45.6017
              1        42.5581
              1         44.328
              1        44.8232
              1         44.989
              1        44.6666
              1         44.977
              1        44.5896
              1        43.0508
              1        43.0932
       0.734835        40.4506
              1        40.7451
              1        43.0375
              1        40.4983
              1        41.4647
              1        40.5984
              1        40.3918
              1         40.877
              1        41.2303
              1        40.2204
              1         39.284
              1         43.179
              1         43.289
              1        44.6054
              1        45.5853
              1        45.9276
              1        43.2466
              1        43.3949
              1        44.7457
              1        44.2601
              1         45.186
              1        43.5238
              1         43.156
              1        43.1252
              1        44.4853
           0.75         43.437
              1        44.8557
              1        46.7877
              1        43.6817
              1         44.594
              1        42.8565
              1        44.1895
              1        43.4402
              1        43.1665
              1         42.804
              1        44.2753
              1        44.2282
              1        43.9873
              1        44.3382
              1         44.039
              1        44.2591
              1        45.1181
              1        42.6367
              1         43.105
              1        42.9295
              1        43.0114
              1        43.6848
              1        43.5238
              1         43.156
              1        43.1252
       0.635566        42.5231
              1        42.5045
              1        42.4283
              1        42.8685
              1          42.79
       0.693814        42.1204
       0.802358        42.2552
              1        42.5221
              1        42.1547
              1        46.4767
              1        46.5959
              1        44.0116
              1        43.4093
              1        45.1275
              1        44.8802
       0.734835        42.9584
              1        42.6813
              1        44.8767
              1        43.1515
       0.720492        42.8176
              1        42.3595
              1        40.8971
              1        44.7652
              1        41.8005
              1        41.5184
              1        41.9416
              1        41.2547
              1        45.7612
              1        39.9344
              1        39.7663
              1        39.8766
              1        42.9044
              1        42.6355
              1        43.3514
              1        43.2687
              1         42.952
              1        44.9273
              1        42.2581
              1        43.8012
              1        42.3388
              1         43.147
              1        43.3771
              1        42.7789
              1        43.9691
              1        42.2815
              1        42.2245
           0.75        42.6342
              1        43.1861
              1        42.8796
              1        47.0155
              1        47.1471
              1        42.4909
              1        43.5391
              1        43.3957
              1        45.3611
              1         44.357
              1        45.6949
              1        46.9642
           0.75        45.4323
              1        43.3758
              1         42.835
              1        43.9732
              1        43.7412
              1         43.642
              1        43.5145
              1        42.8025
              1        47.8694
              1        44.8552
              1        44.8853
              1        42.7108
              1        46.2033
              1        45.3163
              1        45.0218
              1        44.9543
              1        44.8939
              1        43.8925
              1        44.2465
              1        43.6094
              1        46.2322
              1        42.6754
              1        44.7197
              1        45.2176
              1        44.6716
              1        44.3242
       0.734835        44.1327
              1         43.854
       0.720492        46.0742
           0.75        44.7155
              1        46.1407
              1        45.1858
              1        46.9159
              1        42.9874
              1        45.5062
              1        46.4925
              1        45.8747
              1        46.7592
              1         46.142
              1        47.1056
              1        41.9524
              1        43.5463
              1        45.3146
              1        45.1144
              1        44.3169
              1        44.3521
              1         45.504
              1        44.3676
              1        48.4119
              1        48.4875
              1        48.9264
              1        44.8389
              1        45.5401
              1        44.8052
              1        45.1148
              1        43.5448
              1        45.9883
              1        43.6475
              1        44.5141
              1        45.2274
              1        46.6444
              1        46.3057
              1        45.8386
              1        45.2015
              1        48.2995
              1        44.6063
              1        41.2628
              1        40.6891
              1        41.4818
              1        42.8658
              1        44.0274
              1          45.79
              1        46.4103
              1         41.961
              1        40.9304
              1        43.3843
              1         42.256
              1         43.617
              1        42.5681
       0.585422        45.8611
              1        46.3045
              1        45.9129
              1        43.6271
              1        44.6137
              1        43.2557
              1        44.5532
              1        47.6007
              1        44.4022
              1        44.7708
              1        45.5023
              1        44.4192
              1        42.6529
              1        42.0247
              1        40.4037
              1        40.9235
              1        40.7069
              1        39.6441
              1        38.9615
              1         42.209
              1        42.3576
              1        45.0694
              1         42.792
              1        45.2774
              1        44.1386
              1        40.8007
              1        40.9501
              1        41.6658
              1        43.5696
              1        43.9179
              1        39.4435
              1        39.7919
              1        40.7374
              1        39.8811
              1        41.7837
              1        41.1434
              1        41.1803
              1        45.5569
              1        45.1814
              1        42.1897
              1        41.9935
              1        43.4026
       0.783494        44.3148
              1        41.2775
              1         41.186
              1        41.6025
              1        47.0519
              1        46.0817
              1        46.0692
              1        45.8389
              1        46.2131
              1        42.2006
              1        41.3535
              1        41.1928
              1        41.6899
              1        42.2181
              1        39.7878
              1         39.422
              1        43.8282
              1        42.5538
              1        41.4804
              1        41.7206
              1        40.8965
              1        41.8452
              1        42.1687
              1        41.2439
              1        41.5221
              1         41.391
              1        41.5329
              1        41.9643
              1         40.561
              1        40.4634
              1        40.5043
              1        41.5851
              1         40.547
              1        40.5752
              1          42.69
              1        42.9226
              1        42.3034
              1         42.325
              1        38.9335
              1         41.217
              1        43.5192
              1        42.1953
              1        45.0625
              1         42.142
              1        41.7624
              1        41.8427
              1        42.0743
              1        42.4808
              1        43.6743
              1        43.7765
              1         42.657
              1        44.3015
              1        44.9335
              1        41.1531
              1        43.9642
              1        45.5676
              1        45.6912
              1        41.9865
              1        42.4967
              1        43.4306
              1        41.8329
              1        41.7822
              1        41.4131
              1        43.6423
              1        41.3339
              1        41.6732
              1        41.4706
              1        41.9418
              1        47.2658
              1        47.3527
              1        46.2153
              1        46.5624
              1        43.9494
              1        41.3889
              1        41.6087
              1        42.0941
              1        41.8739
              1        41.3634
              1        40.9942
              1        41.7362
              1        42.3128
              1        42.0656
              1         42.104
              1        41.8248
              1        42.9489
              1        42.5662
              1        41.3787
              1        41.6068
       0.657673        45.1659
       0.734835        44.3615
              1        45.6231
              1        44.1063
              1        46.8595
              1         44.467
              1        43.5301
              1        46.7493
              1        45.8357
              1        42.0073
              1        41.7265
              1        45.2172
              1        40.5042
              1        39.7107
              1        42.2315
              1        40.6811
              1        40.2426
              1        40.1307
              1        39.9799
              1        42.2141
              1        42.4389
              1         42.226
              1         42.363
              1        40.8839
              1        40.6488
              1        40.6434
              1        41.4932
              1        40.6011
              1        40.5655
              1        45.9121
              1         47.263
              1        41.5747
              1        42.0598
              1        42.0219
              1        41.8884
              1        42.8695
              1        41.7356
              1        42.7415
              1        42.3669
              1        42.0001
              1         42.192
              1        45.5101
              1         45.526
              1        44.9095
              1        41.0592
              1        40.8203
              1        40.6741
              1        41.7848
              1         44.897
              1        40.7659
              1        41.7188
              1        41.5687
              1        41.3021
              1        41.5225
              1        45.9378
              1        41.9584
              1        41.3065
              1        41.8955
              1        41.6856
              1        41.5298
              1        41.0238
              1        41.4127
              1        41.4468
              1        41.4472
              1        45.8996
              1        43.7166
              1         40.483
              1        41.4344
              1        41.5308
              1        40.9706
              1        41.9195
              1        40.9104
              1        42.5423
              1        42.0461
              1        44.5281
              1        42.4883
              1        40.8185
              1        40.9082
              1        44.3071
              1        42.2968
              1        45.5985
              1        45.2984
              1        45.4072
              1        42.0457
              1        42.6211
              1        42.5053
              1        44.7267
              1        44.5597
              1        42.2257
              1        42.4845
              1         41.932
              1        42.9723
              1        41.0875
              1        40.6615
              1        41.1206
              1        40.5527
              1        41.7915
              1        41.5773
              1         41.449
              1        41.2952
              1        40.9734
              1        41.1192
              1        41.1062
              1        41.5855
              1         40.241
              1        41.6351
              1         40.412
              1        43.8822
              1        42.9533
              1        40.6239
              1        40.3719
              1        40.9059
              1        43.8819
              1         44.393
              1        45.9208
              1        46.3933
              1         42.821
              1        43.8371
              1         42.957
              1        41.0872
              1        43.5695
              1        45.5639
              1        44.9249
              1        43.9959
              1        41.4315
              1        46.0962
              1        46.1324
              1        46.4524
              1        46.6836
              1        44.4124
              1        43.3977
              1        41.5656
              1         42.077
              1        40.6441
              1         40.958
              1        41.3478
              1        41.1146
              1        41.9741
              1        40.9637
              1        43.8786
              1        43.9167
              1        41.3905
              1        41.4309
              1        41.8898
              1        41.3912
              1        41.0875
              1        41.1475
              1        41.2409
              1        40.7299
              1        40.8195
              1        40.3154
              1        41.5732
              1        43.5485
              1        42.4446
              1         43.713
              1        43.1522
              1        43.0551
              1        41.8474
              1        42.3122
              1        41.9279
              1        44.8878
              1        43.6797
              1        41.9948
              1        42.1535
              1        40.5091
              1         40.762
              1        41.8376
              1        41.2805
              1        41.4726
              1        40.7221
              1        38.1854
              1        38.4862
              1         41.357
              1        41.9907
              1        42.0038
              1        42.0583
              1        41.6944
              1        41.9957
              1        42.5001
              1        41.8407
              1        41.8345
              1        41.9893
              1         42.747
              1        41.8934
              1        44.3455
              1        43.6456
              1        41.9438
              1        42.3154
              1        44.5616
              1        44.2791
              1         43.102
              1        42.0876
              1        42.6751
              1        42.7198
              1        42.3884
              1        43.4893
       0.766146        42.9633
              1         42.998
              1        41.3699
              1        41.5931
              1        41.8381
              1        46.4513
              1        43.2316
              1        42.5595
              1        41.9639
       0.802358        44.1031
              1        42.1652
              1        40.8583
              1        44.5898
              1        44.8233
              1        44.7819
              1        40.3761
              1        41.0739
              1        41.4712
              1        40.6428
              1        43.5248
              1        44.0565
              1        45.3928
              1        42.9565
              1        42.7844
       0.681311        43.3956
              1        41.9489
              1        41.5513
           0.75        42.2729
              1        43.5778
              1        42.7823
              1        42.0149
              1        42.0034
              1        42.0721
              1        41.8153
              1         41.121
              1        42.8063
              1         41.573
              1        43.3928
              1        43.2851
              1        44.1401
              1        45.1783
              1         44.867
              1        42.0531
              1         45.629
              1        44.5196
              1        42.4213
              1        42.6812
              1        42.6706
              1        43.8147
              1        45.5643
              1        44.9648
              1        41.0754
              1        41.7213
              1        40.4077
              1        41.0142
              1        41.3301
              1         40.779
              1        41.4014
              1        42.3566
              1        44.5824
              1        45.0536
              1         41.162
              1        41.2874
              1        43.0797
              1        42.1642
              1        41.2384
              1        41.5879
              1        41.7473
              1         43.246
              1        43.6622
              1        44.5909
              1         44.033
              1        44.0672
              1         41.784
              1        44.5488
              1          42.71
              1        43.1142
              1        43.0058
              1        44.4419
              1        43.0732
              1         43.792
              1         45.267
              1         45.297
              1        44.4025
              1        45.3827
              1        45.5505
              1        42.2446
              1        41.6423
              1        42.5877
              1        43.0912
              1        42.6929
              1        42.4529
              1        42.3094
              1        43.8641
              1        41.1445
              1        44.7264
              1        43.2173
              1        46.0673
              1         48.153
              1         48.199
              1        48.1129
              1        43.5836
              1        43.4167
              1        40.5756
              1        41.2842
              1        42.3293
              1        42.6454
              1        42.0338
              1        42.7991
              1        42.8137
              1        43.0789
              1        44.3684
              1        46.0958
              1        45.2629
              1        43.1831
              1        44.3378
              1        43.5584
              1        43.1573
              1        40.4289
              1        40.5035
              1        43.9649
              1        44.0274
              1        43.9692
              1         42.948
              1        45.6799
              1        45.8623
              1        45.6542
              1        43.0677
              1        43.1748
              1        42.0143
              1        40.3891
              1        39.8435
              1         41.063
              1        39.3303
              1        38.9621
              1         43.732
              1        43.7915
              1        43.3401
              1        43.2399
              1        42.9855
              1        46.9061
              1        46.8163
              1        46.9459
              1         46.811
              1         46.396
              1         46.204
              1        47.7421
              1        48.2495
              1        47.5499
              1        47.1196
              1        46.5513
              1        46.1883
              1        47.3433
              1        47.0082
              1        44.3853
              1        42.1759
              1        43.6191
              1        45.7767
              1        45.9764
              1        47.0978
              1        47.1789
              1        45.7321
              1        47.8888
              1         45.566
              1        46.0164
              1        46.1651
              1        41.3028
              1        42.1354
              1        40.5322
              1        40.4635
              1        47.2692
              1        48.4228
              1        46.8891
              1        44.4016
              1        44.8392
              1        48.1553
              1        47.6678
              1        49.1651
              1        48.7463
              1        47.8131
              1        47.7286
              1        47.4988
              1        47.9215
              1        48.5306
              1        48.2818
              1         48.269
              1        46.4028
              1        46.4095
              1        42.8167
              1        43.2856
              1        43.9349
              1        43.8285
              1        48.4929
              1        41.6427
              1        39.5938
              1        40.1481
              1        38.5618
              1        39.8608
              1        41.2394
              1        42.4919
              1        48.3465
              1        48.5463
              1        41.1282
              1        43.4597
              1        40.9062
              1        39.9396
              1        39.8776
              1        42.9153
              1        42.9433
              1        43.2303
              1        43.5896
              1        43.8928
              1        45.6798
              1        44.1562
              1        44.0119
              1        40.9173
              1        41.3129
              1        40.9648
              1          44.05
              1        42.4758
              1        42.5804
              1        42.6638
              1        44.3537
              1        43.7511
              1        45.0345
              1        44.4215
              1        45.3315
              1        44.6445
              1        44.6953
              1        47.2095
              1        41.5929
              1        42.2231
              1        42.8289
              1        46.4573
              1        46.3131
              1         44.281
              1        43.2723
              1        42.5577
              1        44.4152
              1        45.7677
              1        43.7273
              1        42.3593
              1        44.5344
              1        44.0132
              1        44.9488
              1        45.6863
              1        45.2324
              1        43.0532
              1        44.1608
              1         45.777
              1        44.7879
              1        40.0764
              1        39.8851
              1        40.7305
              1        41.6755
              1        46.5313
              1        44.9169
              1        43.8075
              1        44.1284
              1        42.3389
              1        42.8065
              1        44.0711
              1        40.1204
              1        40.8312
              1        42.2365
              1        41.9167
              1        41.5494
              1        41.6909
              1        42.4033
              1        42.1415
              1        41.5286
              1         44.572
              1        45.5752
              1        42.9259
              1        44.6097
              1        43.4839
              1        46.1148
              1        46.5716
              1        46.3305
              1        46.9178
              1        47.2185
              1        45.7155
              1        45.6173
              1        44.7372
              1        44.6849
              1        44.5916
              1        42.5062
              1        43.8858
              1        45.0808
              1        43.2956
              1        39.9499
              1        44.0033
              1        44.4536
              1        43.2204
              1        45.3542
              1        45.4451
              1        46.1248
              1        45.6611
              1        45.1624
              1        46.8263
              1        47.2744
              1        43.2843
       0.802358        46.1949
              1        46.5441
              1        45.4148
              1        45.3801
              1        42.6704
              1        43.1668
              1        44.7403
              1         44.169
              1        44.5639
              1        44.6375
              1        45.5033
              1        44.5066
              1        45.4444
              1        43.6352
              1        45.3379
              1        45.8963
              1        44.8016
              1        48.0686
              1        43.2804
              1        44.8273
              1        45.5192
              1        46.6413
              1        48.0732
              1        45.2033
              1        43.1045
              1        42.2001
              1        40.5018
       0.635566        47.0203
              1        45.5727
       0.783494         46.136
              1        46.3076
              1        42.4319
              1        43.9795
              1        39.2639
              1        39.9103
              1        40.6209
              1        43.4287
              1        42.2193
              1        41.9079
              1        43.6952
              1        44.9286
              1        43.0983
              1        47.4789
              1        47.7457
              1        46.9244
              1         41.773
              1        44.0638
              1        42.9493
              1        46.9278
              1        41.0195
              1         40.657
              1        40.6738
       0.802358        43.8325
              1         43.057
              1        41.6993
           0.75        41.9555
       0.681311        43.0638
       0.783494        42.5988
              1         44.236
              1        43.4898
              1        44.8963
              1        44.5947
              1        41.0305
              1        42.1091
              1        40.7774
              1        40.4089
              1        40.5714
              1        41.3148
              1        41.8544
              1         42.026
              1         43.259
              1        42.5918
              1        43.4648
              1        45.5946
              1        47.3857
              1        46.0447
              1        43.2977
              1         46.754
              1        43.4348
              1        40.0369
              1        39.8223
              1        41.2769
              1         40.765
              1        39.5873
              1        40.0342
              1         41.167
              1        40.2393
              1        40.1016
              1        48.4239
              1        46.5373
              1        39.2986
              1        39.3726
              1        40.4293
              1        40.4194
              1         41.149
              1        41.0549
       0.720492         41.634
       0.783494        40.6808
       0.766146        41.4295
              1        42.5908
              1         40.554
       0.766146        44.1191
              1        43.6804
              1         44.437
              1        45.6435
              1        45.2199
              1         44.799
              1          41.98
              1        42.2708
              1        41.7289
              1        41.5606
              1        41.0875
              1        40.5494
              1        41.1678
              1        40.6163
              1        41.1427
              1         40.061
              1        39.8853
              1        39.2734
              1        39.0488
              1        43.5718
              1        43.4253
              1        45.3816
              1         40.509
       0.802358        46.4417
              1         40.186
              1        45.9828
              1        43.1987
              1        42.5814
              1        42.6204
              1        41.3183
              1        46.0925
              1        46.0965
              1        44.5005
       0.540721        42.1838
              1        42.1742
              1        46.1211
       0.657673        40.9858
              1         42.389
              1        43.5334
       0.783494        46.5779
       0.766146        44.2634
              1        41.6962
              1        42.0508
              1        43.5062
              1        46.2608
              1          46.38
              1        47.4511
              1        40.8728
              1        43.3954
              1        41.1464
              1        40.9114
              1        41.2132
              1        40.6256
              1        42.2717
              1        42.2341
              1        40.2289
              1        42.2934
              1        41.8268
              1        41.0216
              1        45.2897
              1        46.0641
              1        45.6972
              1        39.3929
              1        39.2134
              1        40.7869
              1        40.1464
              1        43.5189
              1         40.988
              1        41.7443
              1         39.027
              1         38.314
              1        39.2239
              1        38.7443
              1        40.7066
              1        39.6069
              1        38.8611
              1        39.8122
              1         39.893
              1        41.4615
              1        40.9002
              1        40.7821
              1        42.1839
              1        42.8754
              1        45.0868
              1        44.8334
              1        44.5465
              1        43.3247
              1        47.6787
              1        48.0722
              1        47.2083
       0.766146        43.8303
              1        43.8412
       0.766146        44.0542
              1        46.2282
              1        45.2976
              1        47.4341
           0.75        42.3407
              1         41.826
              1        42.0629
              1        42.4308
              1        41.5803
              1        43.8261
              1        45.0982
              1        48.4062
              1        47.2011
              1        45.2661
              1        45.6105
              1        44.1601
              1         43.932
              1        44.1519
              1        42.3582
              1        41.8945
              1         40.411
              1        44.7259
              1        42.3778
              1        41.5485
              1         40.757
              1        41.4659
              1        44.1502
       0.846907        45.1964
       0.693814        45.7816
              1        42.4618
              1        43.2892
              1        44.4178
              1        40.8353
              1        48.6278
              1        49.4074
              1        49.4364
              1        49.0664
              1         49.343
              1        49.3202
              1        45.3697
              1        44.1301
              1         46.613
              1        46.2878
              1        47.3244
              1        45.8541
              1        46.2973
              1        46.4819
              1        46.8785
              1        47.1599
              1        47.6166
              1         46.895
              1        46.8288
              1        46.5566
              1        43.7205
              1        41.7938
              1        47.4694
       0.720492         46.805
              1         47.206
              1        47.0284
              1        47.0837
              1        47.1328
              1        46.0156
              1        46.9663
              1        45.3871
              1        47.8034
              1        46.9757
              1        47.2023
              1        46.9837
              1        46.7307
              1        45.6932
              1        46.4792
              1        44.0587
              1        44.7506
              1        44.1251
              1        46.0836
              1        46.1756
              1        46.1358
              1        46.4786
              1         46.619
              1        47.3471
              1          44.08
              1        46.1397
              1        45.0315
              1        46.2219
              1        44.6949
              1        47.0617
              1        45.7508
              1        44.9281
              1        46.0419
              1        45.5153
              1         45.845
              1         45.299
              1        45.8908
              1        45.6753
              1        43.0398
              1         43.367
              1        46.0314
              1        45.9152
              1        45.1576
              1        43.2519
              1        43.2296
              1        43.3371
              1         42.413
              1        46.9253
              1         45.575
              1        44.2769
              1        44.7524
              1        47.6066
              1        48.1911
              1        46.9549
              1        43.8922
              1        46.8391
              1        45.9634
              1        45.7553
              1        46.7794
              1        46.1192
              1        46.4775
              1         47.683
              1        46.5368
              1        47.1014
              1        45.9944
              1        46.5409
              1        43.9222
              1        44.7348
           0.75        44.5924
              1        44.6467
              1        45.0273
              1        48.1114
              1        44.3766
              1        44.1502
              1        42.2231
              1        40.3066
              1        46.9944
              1        47.9291
              1        43.5576
              1        44.4004
              1        41.3184
              1        41.6857
              1        42.8134
              1        42.6955
              1        43.1671
              1        43.0035
              1         42.349
              1        43.2788
              1        43.0429
              1        44.3092
              1        44.0307
              1        42.5063
              1        41.5248
              1        42.1578
              1        40.1751
              1        44.4933
              1        43.2798
              1        40.1462
              1        47.5649
              1         43.776
              1        43.6143
              1         42.855
              1        43.8967
              1        43.4669
              1        41.3407
              1        43.0679
              1        44.1257
              1        44.9025
              1        44.4411
              1        43.4101
              1        46.0802
              1        45.7227
              1         47.826
              1        42.4644
              1        42.7407
              1        43.2053
              1        42.8665
              1        41.3251
              1        41.3688
              1        41.5259
              1        41.8031
              1        42.2049
              1        41.1601
              1        43.0745
              1        40.6739
              1        43.0677
              1        43.5145
              1        43.2468
       0.823223         43.846
              1        44.3539
              1        37.7279
              1        40.2615
              1        44.6106
              1        45.0642
              1        45.6812
              1         44.052
              1        43.1618
              1        42.5884
              1        42.0523
              1        44.7124
              1        45.3581
              1        44.2656
              1        46.2311
              1         43.738
              1        44.1506
              1        43.3155
              1         44.482
              1        43.2918
       0.802358        43.4269
              1         45.813
              1        44.7061
              1        44.6855
              1        45.8729
              1        47.7962
              1          48.18
              1        42.0689
              1        42.0143
              1        41.2516
              1        44.0827
       0.766146        46.9965
       0.604715         45.477
              1        40.6719
              1        40.6449
              1        46.1239
              1        46.0577
              1        45.3225
              1        43.9758
              1        47.1296
              1        47.6495
              1        48.5244
              1        47.9906
              1        48.3146
              1        48.5182
              1         47.166
              1        47.3209
              1        47.4819
              1        45.6897
              1        45.4087
              1        47.0234
              1        44.9316
              1        48.2185
              1        44.1824
              1        42.4974
              1        45.3173
              1        45.5065
              1        44.8483
              1        43.4713
              1        44.0511
              1        47.5894
              1        47.4883
              1        46.0492
              1        46.0838
              1         45.827
              1        45.6315
              1        45.4613
              1        45.3584
              1        43.6331
              1        44.8752
              1        45.1454
              1        46.7809
              1        40.3482
              1        40.3808
              1        40.3439
              1        41.2063
              1        41.3008
              1        45.8166
              1        41.8355
              1        42.1885
              1        43.3671
              1        43.8884
              1        44.5876
              1        44.2359
              1        42.2126
              1         43.872
              1        47.1694
              1        48.2252
              1        47.7488
              1        47.8443
              1        47.7017
       0.635566        45.6698
              1        45.2094
              1        45.3577
              1        45.5966
              1         47.562
              1        46.0909
              1        44.8275
              1        45.9692
              1        46.8122
           0.75         44.848
              1        45.3851
              1         41.889
              1        41.3681
              1        41.9776
              1        44.8302
              1        45.8434
              1        39.2251
              1        41.3248
              1        40.4754
       0.532293        41.8294
              1        46.5826
       0.720492        47.4761
              1        42.2393
              1        45.3532
              1         46.434
              1        40.8069
              1        41.2505
              1        40.9179
              1        41.2211
              1        40.2306
              1        41.1412
              1        41.2656
              1         46.831
              1        41.0819
              1        41.4681
       0.720492        41.9655
              1        46.0919
              1        47.2941
              1        47.2729
              1        40.8194
              1        42.7174
              1        44.0953
              1        44.7779
              1        42.5075
              1        43.4965
              1        46.5901
              1        44.1465
              1        43.4667
              1        45.5922
              1        45.4429
              1        39.8815
              1        40.2825
              1        40.1271
              1        42.0407
              1        40.1988
              1         40.638
              1        43.9774
              1        43.3101
              1        41.8315
              1        41.8681
              1        42.3743
              1        43.1324
              1        40.7384
              1        40.8037
              1        42.8678
              1        45.2225
              1        45.7999
              1          42.96
       0.802358         42.247
              1        42.9371
              1        42.2161
              1        40.3065
              1        40.4982
              1        42.4446
              1        41.8978
              1        40.4792
              1        40.5388
              1        40.8212
              1        42.0447
              1         48.967
              1        48.8173
              1        48.9421
              1        40.0121
       0.802358        41.7948
              1        45.0346
              1        40.9101
              1        39.6295
              1        38.4409
              1        38.8096
              1        40.3137
              1        42.4975
              1        42.6157
              1        46.1174
              1        46.7796
              1        40.4448
              1        40.5447
              1        39.4876
              1        40.1092
       0.802358         44.704
              1        42.5483
              1         42.901
              1        43.4058
              1        40.6376
              1        39.9539
              1        43.5717
              1        40.0674
              1        39.8029
              1        45.1072
              1        43.4809
              1        40.5313
              1        42.2326
              1        43.0793
              1        46.8013
              1        44.7012
              1        44.4069
              1        40.9181
              1        41.0786
              1        42.1099
              1        44.1251
              1        46.6518
              1        46.6786
              1        46.9454
              1        42.8303
              1        43.1556
              1         44.074
              1        42.4196
              1        41.7354
              1        47.5639
              1        42.0641
              1        42.3521
              1        41.1319
              1        42.1474
              1         42.593
              1        42.0269
              1        41.2999
              1        42.1124
              1        40.4621
              1        41.1218
              1        42.7924
              1        41.1046
              1        41.2319
              1        45.5014
              1        45.5888
              1        44.6796
              1        43.2712
              1         43.165
              1        44.3625
              1        47.6734
              1        42.3248
